קתולהו: [106478, 78]
קריאה: [[106389, 103]]
קריאתו: []
רליה: [[105728, 3], [105752, 73], [105855, -49], [105932, 134], [105953, 14], [105989, -4], [106016, 108], [106025, 118], [106094, -118], [106152, -148], [106182, 20], [106224, -59], [106224, 52], [106281, -29], [106281, -18], [106281, 84], [106299, -27], [106299, 129], [106329, 17], [106498, -133], [106538, 128], [106569, 143], [106591, -80], [106591, 3], [106624, 54], [106624, 142], [106630, 66], [106702, 15], [106735, -128], [106735, 105], [106757, -16], [106767, -101], [106851, 50], [106959, 43], [106959, 111], [106995, 7], [107005, -30], [107062, 67], [107581, -121], [107609, -52], [107632, -93], [107673, -136]]
תמנון: []
מפלצת: []
מהכוכב: []
מהכוכבים: []
כוכב: [[107375, 110], [107400, -119]]
כוכבים: []
לאבקראפט: []
שקוע: [[106345, 127], [106391, -2], [106444, -120]]
קוסמי: []
רשע: [[105728, 56], [105746, 41], [105794, 145], [105928, 60], [105932, 104], [105980, -133], [105980, 52], [105980, 59], [106016, 16], [106022, 109], [106025, 71], [106045, 23], [106045, 115], [106060, -112], [106094, -129], [106094, 2], [106105, -37], [106105, -9], [106182, 28], [106281, 148], [106329, -119], [106333, -123], [106333, 122], [106369, -101], [106372, 55], [106412, -58], [106467, 142], [106477, 137], [106492, 117], [106498, 18], [106569, -142], [106624, 119], [106630, -11], [106644, 99], [106702, 12], [106706, -49], [106706, 100], [106718, -115], [106735, 8], [106757, -43], [106767, 39], [106812, 15], [106825, 137], [106851, -137], [106851, 111], [106903, -76], [106953, 121], [106995, 98], [107035, 68], [107035, 80], [107062, -100], [107062, 41], [107107, -17], [107107, -4], [107127, 112], [107193, -8], [107193, 58], [107193, 79], [107193, 108], [107225, 44], [107389, -109], [107393, 61], [107397, 6], [107428, 141], [107442, -149], [107442, -23], [107464, 59], [107464, 127], [107507, -97], [107507, -24], [107564, 56], [107564, 138], [107571, -2], [107623, -54], [107632, -25], [107667, -76], [107673, -53], [107769, -21]]
משמיד: []
נורא: [[106088, -54], [106233, -64], [106787, 109], [106917, -110], [107007, -125], [107087, -118], [107447, 62], [107504, 111], [107680, 33], [107729, -31], [107738, 4]]
אבדון: []
חורבן: []
זוועה: []
טירוף: []
חסידיו: []
חסידים: []
סגידה: []
סוגדים: []
קורבן: []
אוקינוס: []
חלומות: []
חולם: [[106499, -129], [107691, -95]]
חולמים: []
נקרונומיקון: []
הסטור: []
אזתות: []
המלךבצהוב: []
המלךהצהוב: []
מלךצהוב: []
ביאקי: []
עתיק: []
עתיקים: []
עמוקים: []
ישנים: [[105994, -29], [106762, -105]]
שינה: [[106160, 43], [106210, -61], [106354, 65], [106354, 97], [106403, -142], [106427, -3], [106427, 79], [106439, -8], [106516, 119], [106619, -22], [106743, -84], [106806, -98], [107093, -142], [107093, -84], [107235, -74], [107251, 4], [107299, -146], [107301, -147], [107352, 55], [107352, 98], [107748, -5]]
תרדמה: []
----------
התאומים: [222263, 36]
מגדלי: [[222045, 71]]
מטוס: [[222467, -33]]
הפיל: [[222036, -27], [222239, 125], [222288, 39]]
נפלו: [[222010, -1], [222287, -112]]
פעמים: [[222437, 1]]
אוסמה: []
בןלאדן: []
לאדן: [[222346, 147], [222723, -66]]
הרוגים: []
אסון: []
התנגש: []
טרור: []
פיגוע: []
----------
מגדלי: [82399, 13]
התאומים: []
מטוס: []
הפיל: [[82294, 30], [82333, -9]]
נפלו: []
פעמים: []
אוסמה: []
בןלאדן: []
לאדן: []
הרוגים: []
אסון: []
התנגש: []
טרור: []
פיגוע: []
----------
רבין: [69500, 2]
נרצח: []
יגאלעמיר: []
עמיר: []
כיכר: []
עצרת: []
שלום: []
סרקסרק: []
סרק: []
שלוש: []
בתדהמה: []
----------
אובמה: [105941, 2]
שחור: []
נשיא: []
ארהב: []
כושי: []
הוואי: []
בחירות: []
נבחר: []
----------
רמנוגן: [108134, 88]
הארדי: [[107868, 144]]
מתמטיקה: []
גאון: [[108284, 55], [109395, 63], [109570, -105]]
הודי: [[107562, 44], [107562, 81], [107709, -66], [107733, -107], [107793, -53], [108150, 95], [108243, 33], [108441, -89], [108441, 89], [108534, -43], [108559, -29], [108565, -53], [108584, 141], [108832, 112], [108967, -27]]
מספרים: []
זטארימן: []
חלוקות: []
----------
